4347
2632
5772
1828
9994
2928
9082
1444
5032
5318
1570
8683
1029
5746
6220
6850
4492
3470
1355
1977
4080
5180
3141
5995
1257
7562
7843
5314
2616
7455
1180
5964
9087
3304
4144
9082
5233
3226
6878
6617
7544
7449
5300
4926
3195
7873
1776
4040
1343
2132
5017
4424
6312
7159
6771
3922
2073
4614
5588
1041
2070
5768
3357
7509
8072
6501
3943
3305
6080
9822
6274
3624
4623
1575
7550
6818
8448
5679
7210
6143
4163
8580
9567
6827
3091
6339
7101
4164
7305
2689
4205
5727
7457
3915
3237
2882
9416
6180
2539
5496
3354
7814
5473
6977
5741
9375
1148
4189
2406
7358
6684
5569
3290
6252
8749
5381
8943
5850
8545
6248
4892
9103
8328
8701
3018
1565
1583
8786
4097
9475
1635
6452
7289
6108
9781
9382
2835
9929
9923
4242
4640
6607
6163
6930
2859
4912
2312
1802
7115
9857
4403
8359
6312
2731
7060
5682
9648
4996
1821
1097
4471
2456
6549
8112
4916
6331
7494
6751
3612
7417
7345
7252
4024
3509
4183
5884
4773
5495
4038
8240
2704
4793
6599
5369
3876
3660
7403
3524
7656
8224
9974
8479
9680
6523
6591
1948
9206
4085
7700
9171
1502
5045
6423
4526
4906
9606
6762
8680
2453
7153
4272
1510
1946
9872
5879
4823
9884
3282
4699
7540
7859
2025
6019
4891
4901
8962
5840
4107
3047
9892
3278
3549
4937
6054
4427
6196
3012
1190
4876
4466
4695
8148
2328
5641
5372
7207
6816
5256
6841
7868
9148
2052
8893
2519
5944
1146
1481
8136
1606
3528
8028
1236
3429
9317
6290
6857
5513
8303
4399
6741
9121
8094
2242
1449
1087
6614
5008
4256
8223
1849
8476
7371
2902
4721
6243
5198
4868
6724
3334
5474
9253
7714
5710
9034
7031
8353
5891
8897
6656
6642
5638
3129
2088
4232
3578
8528
7199
7586
9136
5422
5787
7612
9145
5041
8685
5388
9239
9905
2113
8925
2731
7718
6639
7442
6752
1023
3147
8996
8920
8803
2990
1910
8284
1431
5143
1862
8959
2342
5800
5447
4116
1587
9411
3261
5629
8096
7650
2220
8002
6115
7498
7085
1185
1489
1879
6937
7864
4026
3285
6784
9181
2628
5047
7465
3059
6542
8327
8370
7884
4127
3817
2000
2067
3228
1613
6696
1324
5615
5268
5678
1730
2766
2764
8267
9608
3643
2557
7472
6670
4842
1609
5851
6470
5656
9669
5881
2198
7996
4251
6434
8476
7068
4786
9543
9296
5399
3591
6973
7367
7859
2651
8097
6978
1767
3717
3938
1763
5274
1410
4785
9116
2019
6988
2939
4027
6657
5172
2577
2006
8424
8011
9482
5492
9149
6377
2141
1901
8968
8114
8268
4179
7117
3717
7509
5237
6434
1447
6000
1708
1858
7137
7177
9229
4125
6468
9609
7135
1640
2186
8141
9064
6550
4975
1909
5699
1352
9402
3952
9320
4868
2220
3499
1985
4938
1009
3574
1372
7808
5926
2081
8666
3063
5610
5248
3541
2078
4857
9676
2718
3395
5169
1783
8945
9144
9044
1997
9496
8446
4949
8816
3314
6170
8667
1651
7460
6028
1578
7832
3837
6504
6265
8855
5920
1875
4103
8461
9305
5312
5489
2024
7708
9658
9159
6653
6154
8203
7650
5650
4001
8952
1818
3667
2474
9485
1670
8934
2866
2248
4118
5703
5105
9384
4558
1025
7611
5014
5838
6917
9326
1327
5293
7034
7337
4452
3688
3491
9007
7690
5493
9360
3994
6311
9379
5468
3148
1049
4402
5014
8650
7521
9717
1107
4257
1628
7484
8220
5642
3322
2489
2320
1001
6782
8355
4690
1234
8395
7181
6593
3437
2674
5953
6432
5337
5332
8252
7485
2734
2655
2500
7736
6528
8569
7843
9785
6549
5327
5357
8543
5001
6847
9864
5002
3629
5571
8692
1216
3966
3225
6809
6403
2251
2763
9187
6588
4447
7440
4073
6181
6447
2925
1269
2975
7847
5464
9112
4396
7143
4469
9292
2144
1316
9156
3498
1298
4727
8542
1514
7693
8119
7323
1448
9370
6438
6988
5958
9886
1780
6384
3419
7227
5661
1041
9202
3508
5505
5666
4257
2649
9135
3549
1145
6804
2705
3644
7102
6432
8538
7616
1477
6658
2291
8277
6028
7730
2617
8339
4968
3397
2075
7387
6976
6736
7428
3530
9245
2934
8196
3502
1935
7332
6051
2080
4136
5108
2076
1238
7892
6967
5206
5721
3625
6497
3998
6005
4227
2968
1696
8195
2717
2771
2935
8694
8508
9363
2224
5105
8649
9421
7607
6936
4105
1010
5369
7241
5118
3797
4831
3010
9764
9037
7731
9741
2886
8081
5747
6114
1049
6443
1661
2767
5567
3596
1461
4075
9312
9037
8180
5313
8458
3139
8602
2563
3149
3971
6156
7267
6768
9987
9277
6533
6376
4360
3626
8263
2441
8373
1729
8843
2169
2390
7962
6736
2339
8423
7163
8003
4812
5343
3316
3271
7482
1918
2186
6983
4889
7343
4250
8010
4682
9879
1895
7411
4239
4521
5674
3032
9247
3755
1875
1416
5145
8837
7152
3836
4612
1667
1839
8425
6010
4156
8048
9844
2426
9234
6827
3668
3929
7429
1678
7612
4660
8925
2375
7899
3446
7049
7283
2693
7156
5511
9461
8653
1700
3965
2490
2665
4632
3329
7442
9642
3837
5490
6838
2616
2076
3665
5284
5006
7446
3314
8970
2106
2239
1345
6357
4685
4746
3641
3731
1902
5504
3192
9555
6204
6158
8397
7869
9790
1727
5311
6785
1916
7153
3623
3532
8230
3641
5168
9588
7439
7482
8558
8546
8721
6255
4903
9759
1001
4896
9842
8255
6752
9386
5162
2957
5544
3560
7178
2687
1639
8842
5824
8907
5995
5799
2440
1577
5792
3960
1165
3232
1443
6075
1778
6516
2330
3033
3627
8683
4282
9821
4290
1034
9208
8453
9343
2104
2013
6522
1143
9004
5364
5967
7911
7711
1767
6703
8289
6559
9664
8454
8791
7459
1882
6921
3975
3212
6307
3955
8248
9589
3776
2538
9623
9336
9991
8967
1441
8356
2841
1584
7360
7205
6552
2624
2268
4671
8327
9557
7582
5343
5364
6374
2802
6246
9647
3130
5810
5954
3437
4058
2895
6213
5597
8871
2902
2940
5190
3343
1297
